username,user_rating,first_line_percentage,second_line_percentage,third_line_percentage,bad_moves_percentage,predicted_rating
Ucitel,2599,94.59,2.7,0.0,2.7,2604.509
Ucitel,2578,96.67,3.33,0.0,0.0,2622.0222
Ucitel,2611,96.0,4.0,0.0,0.0,2657.5713
Ucitel,2608,95.24,0.0,4.76,0.0,2636.4587
Ucitel,2634,95.12,2.44,0.0,2.44,2623.2905
Ucitel,2557,95.0,2.5,0.0,2.5,2604.509
Ucitel,2637,94.74,5.26,0.0,0.0,2643.7478
Ucitel,2599,94.29,5.71,0.0,0.0,2720.1316
Ucitel,2589,94.29,2.86,0.0,2.86,2604.509
Ucitel,2597,94.12,5.88,0.0,0.0,2696.2058
Ucitel,2587,93.75,6.25,0.0,0.0,2677.691
Ucitel,2613,93.75,3.12,3.12,0.0,2688.2598
Ucitel,2589,93.75,6.25,0.0,0.0,2677.691
Ucitel,2608,93.55,6.45,0.0,0.0,2672.7717
Ucitel,2607,93.33,0.0,0.0,6.67,2577.2803
Ucitel,2576,93.33,3.33,0.0,3.33,2649.6365
Ucitel,2596,92.86,7.14,0.0,0.0,2649.0857
Ucitel,2594,92.59,7.41,0.0,0.0,2657.275
Ucitel,2629,92.31,7.69,0.0,0.0,2657.275
Ucitel,2607,92.31,7.69,0.0,0.0,2657.275
Ucitel,2591,92.0,8.0,0.0,0.0,2618.091
Ucitel,2601,91.53,5.08,3.39,0.0,2529.1348
Ucitel,2602,90.91,0.0,9.09,0.0,2466.829
Ucitel,2591,90.91,6.82,0.0,2.27,2597.9346
Ucitel,2590,90.91,6.06,0.0,3.03,2620.2812
Ucitel,2609,90.91,9.09,0.0,0.0,2392.024
Ucitel,2591,90.91,0.0,0.0,9.09,2433.335
Ucitel,2606,90.91,0.0,0.0,9.09,2433.335
Ucitel,2603,90.91,7.58,1.52,0.0,2666.953
Ucitel,2597,90.7,4.65,2.33,2.33,2650.9155
Ucitel,2596,90.62,1.56,0.0,7.81,2433.335
Ucitel,2615,90.62,6.25,0.0,3.12,2620.2812
Ucitel,2572,90.62,3.12,3.12,3.12,2614.6265
Ucitel,2615,90.48,4.76,4.76,0.0,2563.6055
Ucitel,2407,90.48,4.76,0.0,4.76,2536.3252
Ucitel,2598,90.32,6.45,3.23,0.0,2599.3362
Ucitel,2601,90.32,3.23,3.23,3.23,2614.6265
Ucitel,2407,90.32,6.45,3.23,0.0,2599.3362
Ucitel,2605,90.0,2.0,4.0,4.0,2562.5684
Ucitel,2615,89.71,5.88,1.47,2.94,2654.735
Ucitel,2606,89.66,10.34,0.0,0.0,2310.825
Ucitel,2606,89.58,4.17,0.0,6.25,2496.5225
Ucitel,2614,89.47,0.0,2.63,7.89,2502.7578
Ucitel,2602,89.47,5.26,5.26,0.0,2476.3398
Ucitel,2605,89.23,7.69,1.54,1.54,2680.1357
Ucitel,2601,88.89,11.11,0.0,0.0,2310.825
Ucitel,2582,88.89,11.11,0.0,0.0,2310.825
Ucitel,2582,88.57,8.57,2.86,0.0,2646.1895
Ucitel,2579,88.52,4.92,0.0,6.56,2533.9905
Ucitel,2614,88.24,11.76,0.0,0.0,2333.0344
Ucitel,2557,88.24,5.88,0.0,5.88,2565.676
Ucitel,2596,88.16,7.89,0.0,3.95,2601.9153
Ucitel,2621,88.1,4.76,0.0,7.14,2533.9905
Ucitel,2609,88.0,4.0,4.0,4.0,2576.511
Ucitel,2584,88.0,8.0,0.0,4.0,2580.4004
Ucitel,2596,87.93,8.62,1.72,1.72,2672.0122
Ucitel,2620,87.5,3.12,3.12,6.25,2412.7686
Ucitel,2620,87.5,6.25,6.25,0.0,2368.334
Ucitel,2611,87.1,11.29,1.61,0.0,2573.8557
Ucitel,2581,87.04,1.85,11.11,0.0,2380.0625
Ucitel,2560,86.96,6.52,2.17,4.35,2557.2002
Ucitel,2589,86.67,13.33,0.0,0.0,2301.9634
Ucitel,2616,86.21,10.34,0.0,3.45,2254.3613
Ucitel,2574,85.92,9.86,2.82,1.41,2484.9026
Ucitel,2601,85.71,5.71,0.0,8.57,2490.8335
Ucitel,2581,85.71,2.86,0.0,11.43,1826.9772
Ucitel,2594,85.71,3.57,10.71,0.0,2514.8613
Ucitel,2603,85.71,9.52,2.38,2.38,2532.8113
Ucitel,2607,85.71,10.71,0.0,3.57,2219.1484
Ucitel,2579,85.29,8.82,5.88,0.0,2304.4678
Ucitel,2557,85.29,8.82,2.94,2.94,2472.0166
Ucitel,2610,85.19,3.7,11.11,0.0,2467.2107
Ucitel,2576,85.11,10.64,0.0,4.26,2219.1484
Ucitel,2609,85.0,10.0,0.0,5.0,2166.878
Ucitel,2589,84.91,11.32,1.89,1.89,2532.3613
Ucitel,2636,84.85,6.06,3.03,6.06,2389.327
Ucitel,2618,84.62,10.26,2.56,2.56,2478.0703
Ucitel,2634,84.62,7.69,7.69,0.0,2444.0425
Ucitel,2558,84.62,10.26,2.56,2.56,2478.0703
Ucitel,2586,84.48,3.45,0.0,12.07,2025.4392
Ucitel,2599,84.44,11.11,0.0,4.44,2194.8403
Ucitel,2615,84.44,13.33,2.22,0.0,2607.178
Ucitel,1521,84.38,6.25,9.38,0.0,2383.2732
Ucitel,2576,84.21,2.63,5.26,7.89,2276.1697
Ucitel,2612,84.21,5.26,1.32,9.21,2399.0903
Ucitel,2594,84.09,11.36,4.55,0.0,2388.3533
Ucitel,2625,84.09,9.09,0.0,6.82,2001.1193
Ucitel,2611,84.0,12.0,0.0,4.0,2156.8555
Ucitel,2554,83.78,13.51,2.7,0.0,2527.435
Ucitel,2582,83.67,8.16,4.08,4.08,2418.1714
Ucitel,2606,83.33,16.67,0.0,0.0,2225.8782
Ucitel,2637,83.33,12.96,1.85,1.85,2660.9424
Ucitel,2634,83.33,11.11,2.78,2.78,2479.833
Ucitel,2610,83.08,12.31,3.08,1.54,2416.9587
Ucitel,2632,82.76,10.34,6.9,0.0,2500.198
Ucitel,2617,82.61,4.35,0.0,13.04,1915.8357
Ucitel,2554,82.61,17.39,0.0,0.0,2216.2458
Ucitel,2558,82.61,8.7,4.35,4.35,2397.6328
Ucitel,2611,82.35,17.65,0.0,0.0,2188.546
Ucitel,2597,82.22,13.33,2.22,2.22,2585.5488
Ucitel,2629,82.14,10.71,7.14,0.0,2453.0884
Ucitel,2579,82.14,7.14,10.71,0.0,2391.6333
Ucitel,2616,81.97,4.92,3.28,9.84,2185.1685
Ucitel,2594,81.82,13.64,0.0,4.55,1810.0778
Ucitel,2597,81.82,4.55,4.55,9.09,2126.8967
Ucitel,2588,81.82,9.09,5.45,3.64,2191.0422
Ucitel,2592,81.58,2.63,7.89,7.89,2187.92
Ucitel,2638,81.58,5.26,7.89,5.26,2225.2737
Ucitel,2601,81.48,12.96,0.0,5.56,2111.8484
Ucitel,2593,81.48,14.81,0.0,3.7,2191.0715
Ucitel,2617,81.4,2.33,13.95,2.33,2230.8042
Ucitel,2612,81.25,12.5,3.12,3.12,2075.0002
Ucitel,2565,81.25,8.33,6.25,4.17,2186.2375
Ucitel,2597,80.95,11.9,4.76,2.38,2263.784
Ucitel,2614,80.85,12.77,6.38,0.0,2468.4016
Ucitel,2599,80.77,11.54,7.69,0.0,2279.5752
Ucitel,2611,80.77,7.69,7.69,3.85,2326.6375
Ucitel,2612,80.77,11.54,3.85,3.85,2337.1804
Ucitel,2562,80.56,13.89,2.78,2.78,2524.9307
Ucitel,2571,80.49,4.88,4.88,9.76,2173.786
Ucitel,2560,80.49,7.32,7.32,4.88,2378.888
Ucitel,2620,80.49,4.88,4.88,9.76,2173.786
Ucitel,2611,80.43,6.52,4.35,8.7,2280.9146
Ucitel,2607,80.39,9.8,9.8,0.0,2280.7175
Ucitel,2626,80.3,7.58,7.58,4.55,2378.888
Ucitel,2600,80.0,20.0,0.0,0.0,1985.461
Ucitel,2607,80.0,12.0,2.0,6.0,2412.5208
Ucitel,2637,80.0,8.0,4.0,8.0,2296.7954
Ucitel,2582,80.0,10.0,10.0,0.0,2280.7175
Ucitel,2571,80.0,10.0,5.0,5.0,2312.6165
Ucitel,2584,80.0,7.5,5.0,7.5,2330.6304
Ucitel,2613,79.66,10.17,1.69,8.47,2406.3923
Ucitel,2628,79.63,7.41,9.26,3.7,2311.8936
Ucitel,2560,79.55,9.09,2.27,9.09,2407.59
Ucitel,2595,79.31,6.9,13.79,0.0,1972.5459
Ucitel,2572,79.17,8.33,4.17,8.33,2308.737
Ucitel,2559,79.17,16.67,0.0,4.17,2155.1157
Ucitel,2586,79.07,9.3,0.0,11.63,1487.3577
Ucitel,2577,78.95,15.79,2.63,2.63,2425.441
Ucitel,2599,78.87,2.82,11.27,7.04,1858.4647
Ucitel,2585,78.79,6.06,6.06,9.09,2105.275
Ucitel,2615,78.57,17.86,0.0,3.57,2241.8516
Ucitel,1521,78.57,14.29,0.0,7.14,1905.5254
Ucitel,2595,78.38,9.46,5.41,6.76,2109.2712
Ucitel,2559,78.38,16.22,0.0,5.41,2172.7837
Ucitel,2604,78.33,10.0,10.0,1.67,2304.398
Ucitel,2616,77.78,11.11,3.7,7.41,2275.0972
Ucitel,2581,77.78,7.41,7.41,7.41,2267.2788
Ucitel,2611,77.78,22.22,0.0,0.0,1961.9948
Ucitel,1521,77.78,22.22,0.0,0.0,1961.9948
Ucitel,2558,77.78,13.89,8.33,0.0,2287.424
Ucitel,2613,77.5,20.0,2.5,0.0,2431.831
Ucitel,2562,77.27,0.0,18.18,4.55,1632.4983
Ucitel,2599,76.92,3.85,15.38,3.85,1769.3065
Ucitel,2630,76.74,13.95,6.98,2.33,2485.0393
Ucitel,2576,76.67,10.0,6.67,6.67,2451.5154
Ucitel,2559,76.67,16.67,0.0,6.67,2222.725
Ucitel,2615,76.6,8.51,8.51,6.38,2161.0767
Ucitel,2608,76.6,10.64,2.13,10.64,2125.8691
Ucitel,2612,76.47,14.71,0.0,8.82,1976.1566
Ucitel,2606,76.47,16.18,2.94,4.41,2423.6838
Ucitel,2588,75.76,13.64,3.03,7.58,2272.2295
Ucitel,2557,75.76,18.18,0.0,6.06,2226.4492
Ucitel,2557,75.51,14.29,4.08,6.12,2251.5015
Ucitel,2627,75.47,9.43,11.32,3.77,2056.6973
Ucitel,2595,75.0,25.0,0.0,0.0,1600.8258
Ucitel,2608,74.63,13.43,1.49,10.45,2084.4768
Ucitel,2598,74.29,12.86,5.71,7.14,2081.48
Ucitel,2607,73.91,0.0,17.39,8.7,1413.3628
Ucitel,2582,73.68,17.54,8.77,0.0,2176.2625
Ucitel,2613,73.53,11.76,8.82,5.88,1973.3196
Ucitel,2612,73.33,16.67,3.33,6.67,2226.9807
Ucitel,2590,73.21,17.86,7.14,1.79,2339.4412
Ucitel,2611,72.86,11.43,11.43,4.29,1891.4309
Ucitel,2557,72.73,12.12,6.06,9.09,1996.9229
Ucitel,2603,72.5,17.5,5.0,5.0,2234.9329
Ucitel,2620,72.22,13.89,13.89,0.0,1906.1212
Ucitel,1521,72.22,22.22,5.56,0.0,1622.2166
Ucitel,2611,71.88,15.62,9.38,3.12,1945.0605
Ucitel,2637,70.27,18.92,8.11,2.7,2155.474
Ucitel,2581,70.18,8.77,3.51,17.54,1785.5569
Ucitel,2592,70.0,5.0,20.0,5.0,1404.5819
Ucitel,2557,69.57,13.04,8.7,8.7,1736.2397
Ucitel,2597,69.35,16.13,14.52,0.0,1752.2242
Ucitel,2612,69.23,19.23,11.54,0.0,1751.6598
Ucitel,2599,68.33,15.0,5.0,11.67,1815.834
Ucitel,2607,67.86,14.29,3.57,14.29,1590.9558
Ucitel,1521,66.67,22.22,11.11,0.0,1305.0544
Ro_ro2,894,58.33,13.89,25.0,2.78,1056.4293
Ro_ro2,898,80.0,20.0,0.0,0.0,1985.461
Ro_ro2,861,80.0,4.44,11.11,4.44,1915.8914
Ro_ro2,854,80.0,0.0,20.0,0.0,1311.7664
Ro_ro2,873,77.78,11.11,11.11,0.0,2100.1233
Ro_ro2,867,77.78,5.56,16.67,0.0,1239.1658
Ro_ro2,854,77.78,0.0,11.11,11.11,1111.646
Ro_ro2,870,76.47,17.65,5.88,0.0,2145.0447
Ro_ro2,893,75.0,3.12,3.12,18.75,1254.9946
Ro_ro2,884,75.0,0.0,8.33,16.67,1001.9896
Ro_ro2,851,75.0,13.33,10.0,1.67,2139.9536
Ro_ro2,862,73.33,6.67,13.33,6.67,1470.3575
Ro_ro2,915,72.22,0.0,11.11,16.67,884.58606
Ro_ro2,848,72.22,5.56,16.67,5.56,1017.9558
Ro_ro2,870,71.43,14.29,14.29,0.0,1803.1859
Ro_ro2,902,71.19,8.47,13.56,6.78,1344.0391
Ro_ro2,869,70.0,30.0,0.0,0.0,1388.85
Ro_ro2,910,69.7,9.09,21.21,0.0,1188.6732
Ro_ro2,849,69.57,13.04,8.7,8.7,1736.2397
Ro_ro2,893,69.44,19.44,5.56,5.56,1492.9347
Ro_ro2,903,69.23,15.38,7.69,7.69,1680.4713
Ro_ro2,877,68.75,6.25,25.0,0.0,1093.6411
Ro_ro2,876,68.75,15.62,12.5,3.12,1695.3225
Ro_ro2,853,68.52,7.41,18.52,5.56,1137.7006
Ro_ro2,911,68.42,0.0,15.79,15.79,972.2327
Ro_ro2,912,67.74,6.45,24.19,1.61,1162.527
Ro_ro2,887,66.67,14.81,18.52,0.0,1438.9551
Ro_ro2,889,66.67,16.67,16.67,0.0,1478.7341
Ro_ro2,836,66.67,11.11,18.52,3.7,1344.69
Ro_ro2,895,66.67,10.26,20.51,2.56,1179.1515
Ro_ro2,896,66.67,22.22,11.11,0.0,1305.0544
Ro_ro2,879,66.67,16.67,16.67,0.0,1478.7341
Ro_ro2,867,65.38,3.85,15.38,15.38,996.6129
Ro_ro2,871,65.0,5.0,7.5,22.5,1050.2909
Ro_ro2,856,65.0,12.5,22.5,0.0,1280.5266
Ro_ro2,892,64.58,10.42,25.0,0.0,965.7247
Ro_ro2,906,64.41,16.95,8.47,10.17,1123.3673
Ro_ro2,855,64.29,0.0,14.29,21.43,793.9751
Ro_ro2,874,64.1,20.51,7.69,7.69,947.60004
Ro_ro2,878,63.64,15.15,9.09,12.12,1136.8398
Ro_ro2,883,63.64,20.45,11.36,4.55,968.14984
Ro_ro2,873,63.64,18.18,0.0,18.18,981.8434
Ro_ro2,872,63.41,12.2,19.51,4.88,1119.7424
Ro_ro2,851,63.16,5.26,31.58,0.0,894.8895
Ro_ro2,872,62.96,7.41,25.93,3.7,938.2867
Ro_ro2,867,62.86,20.0,14.29,2.86,1021.41907
Ro_ro2,873,62.5,25.0,12.5,0.0,1007.32294
Ro_ro2,850,62.5,15.62,21.88,0.0,1233.7925
Ro_ro2,857,62.5,0.0,31.25,6.25,874.75867
Ro_ro2,879,62.5,31.25,6.25,0.0,962.57074
Ro_ro2,874,62.5,12.5,25.0,0.0,942.9209
Ro_ro2,852,62.5,18.75,12.5,6.25,1126.0067
Ro_ro2,896,62.16,2.7,35.14,0.0,955.35706
Ro_ro2,880,62.07,17.24,20.69,0.0,1096.173
Ro_ro2,901,61.9,14.29,9.52,14.29,1136.8398
Ro_ro2,895,61.54,20.51,15.38,2.56,1021.41907
Ro_ro2,844,61.54,19.23,11.54,7.69,1113.2878
Ro_ro2,1500,61.54,15.38,7.69,15.38,1170.1818
Ro_ro2,885,61.54,7.69,30.77,0.0,928.0108
Ro_ro2,908,61.4,15.79,21.05,1.75,1192.0505
Ro_ro2,896,61.29,19.35,19.35,0.0,989.99945
Ro_ro2,890,60.87,17.39,8.7,13.04,1123.3673
Ro_ro2,833,60.87,13.04,13.04,13.04,1160.2712
Ro_ro2,887,60.87,8.7,17.39,13.04,988.5657
Ro_ro2,897,60.32,6.35,9.52,23.81,994.68506
Ro_ro2,900,60.0,12.0,28.0,0.0,987.5213
Ro_ro2,880,60.0,14.55,20.0,5.45,1130.3853
Ro_ro2,905,60.0,20.0,16.0,4.0,974.14984
Ro_ro2,847,60.0,8.0,16.0,16.0,1023.6113
Ro_ro2,868,59.68,9.68,25.81,4.84,882.1117
Ro_ro2,888,59.38,21.88,12.5,6.25,968.14984
Ro_ro2,889,58.33,0.0,33.33,8.33,883.18744
Ro_ro2,843,57.89,15.79,26.32,0.0,975.4539
Ro_ro2,852,57.89,31.58,10.53,0.0,1182.7937
Ro_ro2,908,57.69,23.08,19.23,0.0,1025.1675
Ro_ro2,828,57.69,15.38,26.92,0.0,975.4539
Ro_ro2,892,57.69,11.54,15.38,15.38,1128.1713
Ro_ro2,867,57.14,4.76,28.57,9.52,869.35376
Ro_ro2,866,57.14,16.67,11.9,14.29,1178.5912
Ro_ro2,822,57.14,28.57,14.29,0.0,995.7165
Ro_ro2,888,57.14,9.52,23.81,9.52,867.4292
Ro_ro2,910,57.14,21.43,21.43,0.0,1121.6226
Ro_ro2,911,57.14,23.81,14.29,4.76,1031.6957
Ro_ro2,873,57.14,7.14,35.71,0.0,913.0063
Ro_ro2,866,57.14,9.52,14.29,19.05,946.754
Ro_ro2,887,57.14,14.29,25.71,2.86,1006.87354
Ro_ro2,870,57.14,28.57,14.29,0.0,995.7165
Ro_ro2,893,56.67,6.67,20.0,16.67,996.2725
Ro_ro2,888,56.52,17.39,17.39,8.7,1125.3416
Ro_ro2,879,56.52,21.74,21.74,0.0,1009.2637
Ro_ro2,891,56.52,21.74,17.39,4.35,1008.37213
Ro_ro2,865,56.25,25.0,18.75,0.0,1047.5453
Ro_ro2,904,56.1,7.32,26.83,9.76,945.0992
Ro_ro2,845,56.0,8.0,12.0,24.0,913.24713
Ro_ro2,928,55.81,18.6,20.93,4.65,951.14966
Ro_ro2,882,55.56,16.67,27.78,0.0,940.1072
Ro_ro2,870,55.17,10.34,24.14,10.34,866.3033
Ro_ro2,848,55.0,15.0,10.0,20.0,969.21387
Ro_ro2,861,55.0,15.0,30.0,0.0,914.0948
Ro_ro2,918,54.84,25.81,12.9,6.45,908.9011
Ro_ro2,879,54.84,22.58,16.13,6.45,895.075
Ro_ro2,889,54.55,18.18,27.27,0.0,920.4584
Ro_ro2,856,54.55,9.09,36.36,0.0,850.26733
Ro_ro2,900,54.29,11.43,28.57,5.71,894.74744
Ro_ro2,833,54.29,5.71,20.0,20.0,1080.0015
Ro_ro2,893,54.29,8.57,31.43,5.71,834.7633
Ro_ro2,892,54.17,12.5,8.33,25.0,901.35126
Ro_ro2,882,54.0,18.0,22.0,6.0,962.9376
Ro_ro2,889,53.85,15.38,7.69,23.08,964.5997
Ro_ro2,873,53.33,13.33,33.33,0.0,927.50574
Ro_ro2,859,53.33,16.67,26.67,3.33,950.38306
Ro_ro2,907,52.94,17.65,23.53,5.88,869.97485
Ro_ro2,923,52.94,14.71,32.35,0.0,914.0948
Ro_ro2,889,52.38,23.81,4.76,19.05,915.2915
Ro_ro2,898,52.38,9.52,28.57,9.52,843.1921
Ro_ro2,860,52.38,9.52,23.81,14.29,843.1921
Ro_ro2,847,52.0,28.0,12.0,8.0,897.2054
Ro_ro2,866,52.0,12.0,32.0,4.0,889.1687
Ro_ro2,863,51.9,21.52,8.86,17.72,868.49097
Ro_ro2,899,50.0,25.0,10.71,14.29,906.33777
Ro_ro2,872,50.0,12.5,37.5,0.0,881.56177
Ro_ro2,886,50.0,10.71,32.14,7.14,897.04767
Ro_ro2,871,50.0,27.78,11.11,11.11,897.2054
Ro_ro2,876,50.0,12.5,6.25,31.25,809.88245
Ro_ro2,906,50.0,11.54,34.62,3.85,936.43805
Ro_ro2,902,50.0,30.0,20.0,0.0,951.25336
Ro_ro2,911,50.0,10.0,40.0,0.0,868.14526
Ro_ro2,902,50.0,50.0,0.0,0.0,861.6155
Ro_ro2,878,50.0,0.0,33.33,16.67,817.08844
Ro_ro2,874,50.0,18.75,31.25,0.0,920.4584
Ro_ro2,885,50.0,18.75,25.0,6.25,910.1876
Ro_ro2,854,50.0,25.0,10.71,14.29,906.33777
Ro_ro2,870,50.0,16.67,33.33,0.0,940.1072
Ro_ro2,852,50.0,7.14,42.86,0.0,886.90735
Ro_ro2,854,48.65,10.81,21.62,18.92,932.03613
Ro_ro2,869,48.65,27.03,16.22,8.11,903.2054
Ro_ro2,886,48.28,17.24,27.59,6.9,909.5203
Ro_ro2,826,48.0,20.0,32.0,0.0,854.97546
Ro_ro2,904,48.0,28.0,20.0,4.0,894.7766
Ro_ro2,883,47.62,14.29,38.1,0.0,914.0948
Ro_ro2,849,47.62,19.05,33.33,0.0,899.3107
Ro_ro2,902,47.06,11.76,29.41,11.76,903.1762
Ro_ro2,900,47.06,35.29,17.65,0.0,929.8633
Ro_ro2,903,46.67,20.0,6.67,26.67,830.31696
Ro_ro2,856,46.67,13.33,30.0,10.0,925.66376
Ro_ro2,862,46.67,26.67,20.0,6.67,903.2054
Ro_ro2,893,46.15,30.77,7.69,15.38,924.88464
Ro_ro2,908,46.15,11.54,38.46,3.85,936.43805
Ro_ro2,867,46.15,23.08,23.08,7.69,876.457
Ro_ro2,904,45.45,18.18,22.73,13.64,962.5086
Ro_ro2,874,45.45,18.18,36.36,0.0,920.4584
Ro_ro2,873,45.45,27.27,18.18,9.09,903.2054
Ro_ro2,917,45.45,27.27,22.73,4.55,881.2246
Ro_ro2,887,45.0,15.0,20.0,20.0,973.609
Ro_ro2,893,44.83,10.34,44.83,0.0,868.14526
Ro_ro2,887,44.44,11.11,44.44,0.0,898.88965
Ro_ro2,880,44.44,22.22,33.33,0.0,871.5195
Ro_ro2,883,44.44,11.11,33.33,11.11,897.04767
Ro_ro2,909,43.75,12.5,34.38,9.38,802.8433
Ro_ro2,908,43.75,25.0,6.25,25.0,841.94977
Ro_ro2,843,42.86,32.14,25.0,0.0,872.1217
Ro_ro2,911,42.86,14.29,35.71,7.14,912.2528
Ro_ro2,875,42.86,7.14,42.86,7.14,863.2333
Ro_ro2,909,42.11,36.84,10.53,10.53,926.92584
Ro_ro2,915,41.86,13.95,30.23,13.95,912.2528
Ro_ro2,845,41.67,16.67,37.5,4.17,924.2577
Ro_ro2,875,41.67,25.0,25.0,8.33,876.457
Ro_ro2,879,41.38,17.24,13.79,27.59,958.5753
Ro_ro2,867,41.38,17.24,37.93,3.45,942.78217
Ro_ro2,883,41.18,23.53,23.53,11.76,876.457
Ro_ro2,905,40.0,0.0,40.0,20.0,823.5009
Ro_ro2,835,40.0,20.0,32.0,8.0,853.1335
Ro_ro2,864,40.0,25.0,35.0,0.0,878.29895
Ro_ro2,882,40.0,20.0,40.0,0.0,854.97546
Ro_ro2,911,40.0,24.0,36.0,0.0,878.29895
Ro_ro2,918,40.0,20.0,20.0,20.0,877.375
Ro_ro2,858,38.46,7.69,46.15,7.69,878.23785
Ro_ro2,860,38.46,23.08,11.54,26.92,893.1373
Ro_ro2,882,38.1,23.81,38.1,0.0,878.29895
Ro_ro2,871,37.5,25.0,12.5,25.0,893.1373
Ro_ro2,878,37.5,25.0,37.5,0.0,878.29895
Ro_ro2,837,36.84,5.26,26.32,31.58,820.48706
Ro_ro2,877,36.84,21.05,42.11,0.0,854.97546
Ro_ro2,842,36.36,15.15,24.24,24.24,905.54
Ro_ro2,897,35.71,21.43,35.71,7.14,853.1335
Ro_ro2,878,35.29,11.76,29.41,23.53,896.4634
Ro_ro2,894,33.33,22.22,33.33,11.11,869.6775
Ro_ro2,904,33.33,20.0,46.67,0.0,854.97546
Ro_ro2,857,33.33,16.67,50.0,0.0,940.1072
Ro_ro2,875,33.33,25.0,33.33,8.33,876.457
Ali430,891,90.0,10.0,0.0,0.0,2126.3728
Ali430,1005,88.89,0.0,11.11,0.0,2018.815
Ali430,874,88.0,0.0,8.0,4.0,2410.1392
Ali430,856,86.67,6.67,0.0,6.67,2368.4224
Ali430,865,86.36,13.64,0.0,0.0,2043.886
Ali430,832,85.71,0.0,0.0,14.29,1277.1592
Ali430,881,85.71,4.76,0.0,9.52,1983.6102
Ali430,900,85.0,10.0,0.0,5.0,2166.878
Ali430,902,84.21,15.79,0.0,0.0,1731.4165
Ali430,890,84.21,5.26,5.26,5.26,2216.2837
Ali430,998,83.33,8.33,8.33,0.0,2376.5984
Ali430,887,83.33,5.56,5.56,5.56,1965.3434
Ali430,889,83.33,0.0,0.0,16.67,1295.168
Ali430,919,83.33,5.56,0.0,11.11,1535.546
Ali430,904,82.35,11.76,5.88,0.0,2284.2026
Ali430,888,81.82,9.09,0.0,9.09,1863.6444
Ali430,881,81.82,12.12,3.03,3.03,2316.133
Ali430,926,81.82,13.64,0.0,4.55,1810.0778
Ali430,815,81.48,11.11,0.0,7.41,1921.4502
Ali430,992,81.25,9.38,6.25,3.12,1977.0194
Ali430,844,81.25,18.75,0.0,0.0,1972.1387
Ali430,862,81.25,15.62,3.12,0.0,1866.9641
Ali430,913,81.25,0.0,6.25,12.5,1316.5704
Ali430,871,80.95,9.52,9.52,0.0,2173.4248
Ali430,877,80.77,3.85,15.38,0.0,1537.4421
Ali430,895,80.0,13.33,0.0,6.67,1915.1151
Ali430,880,80.0,0.0,13.33,6.67,1395.8367
Ali430,890,78.95,0.0,10.53,10.53,1122.6107
Ali430,891,78.95,0.0,15.79,5.26,1148.5913
Ali430,888,78.26,4.35,17.39,0.0,1404.4407
Ali430,903,78.26,8.7,13.04,0.0,1731.2269
Ali430,877,77.78,0.0,22.22,0.0,1289.6893
Ali430,881,77.78,7.41,14.81,0.0,1508.8226
Ali430,910,77.78,0.0,11.11,11.11,1111.646
Ali430,869,77.27,9.09,4.55,9.09,1929.7892
Ali430,865,77.27,9.09,13.64,0.0,1493.7952
Ali430,886,77.27,13.64,4.55,4.55,1809.2155
Ali430,911,77.27,13.64,4.55,4.55,1809.2155
Ali430,886,77.27,4.55,18.18,0.0,1368.6776
Ali430,984,76.92,5.13,2.56,15.38,1560.1307
Ali430,885,76.92,7.69,15.38,0.0,1471.0931
Ali430,893,76.92,0.0,23.08,0.0,1240.8843
Ali430,859,76.67,16.67,6.67,0.0,2531.5989
Ali430,918,76.47,5.88,11.76,5.88,1811.5045
Ali430,880,76.19,9.52,0.0,14.29,1474.0294
Ali430,1057,76.0,16.0,8.0,0.0,2088.3083
Ali430,803,75.86,13.79,10.34,0.0,2022.0021
Ali430,846,75.0,0.0,25.0,0.0,1427.031
Ali430,1224,75.0,12.5,12.5,0.0,1786.2961
Ali430,866,75.0,20.83,0.0,4.17,1503.679
Ali430,883,75.0,5.56,2.78,16.67,1227.4677
Ali430,888,75.0,12.5,6.25,6.25,1884.5072
Ali430,894,75.0,12.5,0.0,12.5,1247.7856
Ali430,918,75.0,4.17,12.5,8.33,1280.2256
Ali430,904,75.0,4.17,12.5,8.33,1280.2256
Ali430,922,74.19,12.9,12.9,0.0,1796.0573
Ali430,886,74.07,14.81,0.0,11.11,1448.9141
Ali430,889,73.91,8.7,4.35,13.04,1573.0741
Ali430,881,73.33,6.67,0.0,20.0,1269.9719
Ali430,881,73.33,6.67,10.0,10.0,1482.7269
Ali430,875,73.08,11.54,15.38,0.0,1873.4467
Ali430,900,73.08,3.85,15.38,7.69,1279.1597
Ali430,879,72.97,2.7,8.11,16.22,1085.4883
Ali430,826,72.22,5.56,16.67,5.56,1017.9558
Ali430,890,72.22,11.11,11.11,5.56,1520.845
Ali430,885,72.0,12.0,12.0,4.0,1732.097
Ali430,817,71.43,21.43,7.14,0.0,1619.6539
Ali430,900,71.43,9.52,0.0,19.05,1097.3975
Ali430,1054,71.43,0.0,0.0,28.57,897.1227
Ali430,866,71.43,4.76,4.76,19.05,1252.8954
Ali430,878,71.43,8.57,11.43,8.57,1366.7047
Ali430,895,71.43,4.76,14.29,9.52,1199.5355
Ali430,881,70.83,12.5,12.5,4.17,1631.7642
Ali430,883,70.83,8.33,8.33,12.5,1421.5475
Ali430,884,70.37,7.41,14.81,7.41,1324.4948
Ali430,1039,70.0,5.0,10.0,15.0,1358.4448
Ali430,900,70.0,5.0,20.0,5.0,1404.5819
Ali430,850,70.0,0.0,30.0,0.0,1322.3708
Ali430,906,70.0,5.0,20.0,5.0,1404.5819
Ali430,1010,69.7,12.12,12.12,6.06,1617.408
Ali430,876,69.57,17.39,8.7,4.35,1529.7122
Ali430,907,69.57,17.39,13.04,0.0,1540.3293
Ali430,897,69.57,17.39,8.7,4.35,1529.7122
Ali430,899,69.23,7.69,23.08,0.0,1022.12274
Ali430,875,68.97,10.34,17.24,3.45,1313.7437
Ali430,907,68.97,10.34,13.79,6.9,1243.359
Ali430,972,68.42,26.32,5.26,0.0,1373.1403
Ali430,998,66.67,11.11,11.11,11.11,1341.8022
Ali430,1022,66.67,13.33,6.67,13.33,1651.1177
Ali430,893,66.67,22.22,11.11,0.0,1305.0544
Ali430,875,66.67,7.41,18.52,7.41,1203.3226
Ali430,865,66.67,19.05,0.0,14.29,1167.7162
Ali430,886,66.67,12.5,8.33,12.5,1354.5392
Ali430,882,66.67,8.33,16.67,8.33,1201.7233
Ali430,876,66.67,6.67,0.0,26.67,987.84705
Ali430,903,66.67,18.52,3.7,11.11,1564.4641
Ali430,911,66.67,22.22,11.11,0.0,1305.0544
Ali430,892,65.62,12.5,3.12,18.75,1133.2798
Ali430,883,65.52,27.59,3.45,3.45,1155.7373
Ali430,987,65.22,13.04,13.04,8.7,1277.0596
Ali430,880,65.22,30.43,0.0,4.35,850.61835
Ali430,909,65.0,30.0,0.0,5.0,850.61835
Ali430,1074,64.71,20.59,5.88,8.82,1058.9939
Ali430,889,64.71,11.76,17.65,5.88,1200.5759
Ali430,874,64.71,11.76,11.76,11.76,1244.9576
Ali430,872,64.71,23.53,5.88,5.88,1065.7557
Ali430,878,64.71,17.65,11.76,5.88,1178.4186
Ali430,909,64.71,17.65,17.65,0.0,1182.4791
Ali430,882,64.29,21.43,7.14,7.14,997.2266
Ali430,887,64.0,16.0,16.0,4.0,1119.2246
Ali430,871,63.64,9.09,18.18,9.09,1002.1069
Ali430,869,63.64,18.18,4.55,13.64,1203.3589
Ali430,902,63.64,18.18,9.09,9.09,1132.4633
Ali430,880,63.16,21.05,15.79,0.0,989.99945
Ali430,873,62.96,22.22,14.81,0.0,1006.54346
Ali430,876,62.5,12.5,8.33,16.67,999.98846
Ali430,885,62.5,25.0,12.5,0.0,1007.32294
Ali430,898,62.5,18.75,18.75,0.0,1141.8583
Ali430,906,62.5,16.67,8.33,12.5,1176.6189
Ali430,870,61.9,23.81,0.0,14.29,866.8262
Ali430,878,61.9,9.52,23.81,4.76,873.91
Ali430,876,61.29,22.58,12.9,3.23,1045.0096
Ali430,883,61.11,16.67,0.0,22.22,1021.7856
Ali430,895,60.87,21.74,4.35,13.04,1029.4708
Ali430,893,60.87,8.7,4.35,26.09,1011.3022
Ali430,918,60.87,0.0,26.09,13.04,853.3629
Ali430,875,60.71,21.43,10.71,7.14,1015.1416
Ali430,978,60.61,21.21,6.06,12.12,942.2058
Ali430,825,60.0,20.0,15.0,5.0,974.14984
Ali430,842,60.0,20.0,20.0,0.0,989.99945
Ali430,865,60.0,20.0,10.0,10.0,993.05994
Ali430,872,60.0,6.67,33.33,0.0,913.0063
Ali430,898,60.0,10.0,10.0,20.0,1003.5637
Ali430,901,60.0,10.0,20.0,10.0,1034.8939
Ali430,883,59.38,15.62,15.62,9.38,1138.8141
Ali430,875,59.09,27.27,13.64,0.0,968.5408
Ali430,879,59.09,22.73,0.0,18.18,864.7583
Ali430,1008,58.82,11.76,29.41,0.0,987.5213
Ali430,993,58.33,16.67,8.33,16.67,1150.7433
Ali430,891,58.33,29.17,4.17,8.33,1049.4265
Ali430,1070,58.33,25.0,16.67,0.0,1013.32294
Ali430,910,58.33,20.83,4.17,16.67,1053.4738
Ali430,884,58.06,9.68,19.35,12.9,1034.8939
Ali430,997,57.89,21.05,10.53,10.53,998.9067
Ali430,876,57.69,26.92,7.69,7.69,946.9704
Ali430,887,57.14,7.14,25.0,10.71,887.47046
Ali430,889,56.52,17.39,4.35,21.74,1117.4359
Ali430,923,56.52,13.04,13.04,17.39,1134.3956
Ali430,981,56.25,12.5,18.75,12.5,1027.8384
Ali430,884,56.0,12.0,16.0,16.0,989.9013
Ali430,881,55.56,11.11,22.22,11.11,958.9714
Ali430,881,55.56,11.11,22.22,11.11,958.9714
Ali430,851,55.56,7.41,18.52,18.52,913.4751
Ali430,904,55.56,5.56,11.11,27.78,673.8027
Ali430,925,55.56,22.22,11.11,11.11,889.075
Ali430,920,55.0,5.0,20.0,20.0,859.0694
Ali430,879,54.55,0.0,22.73,22.73,810.0306
Ali430,890,54.55,9.09,36.36,0.0,850.26733
Ali430,896,54.55,13.64,31.82,0.0,926.56836
Ali430,900,53.85,11.54,23.08,11.54,903.1762
Ali430,883,53.85,15.38,0.0,30.77,815.8284
Ali430,1007,53.57,17.86,0.0,28.57,811.4519
Ali430,852,53.33,26.67,6.67,13.33,933.8843
Ali430,886,53.33,33.33,3.33,10.0,1021.8552
Ali430,893,51.85,7.41,7.41,33.33,1022.54407
Ali430,799,50.0,43.75,0.0,6.25,759.4967
Ali430,996,50.0,25.0,0.0,25.0,736.9199
Ali430,998,50.0,30.0,5.0,15.0,1073.0206
Ali430,855,50.0,25.0,5.0,20.0,945.0491
Ali430,881,50.0,16.67,33.33,0.0,940.1072
Ali430,884,50.0,15.38,19.23,15.38,1000.54425
Ali430,894,50.0,0.0,50.0,0.0,884.79785
Ali430,895,50.0,16.67,33.33,0.0,940.1072
Ali430,905,50.0,13.64,0.0,36.36,722.0545
Ali430,884,50.0,16.67,22.22,11.11,1015.5219
Ali430,892,48.0,24.0,4.0,24.0,946.1605
Ali430,881,47.62,14.29,33.33,4.76,901.96234
Ali430,869,47.06,5.88,29.41,17.65,907.6498
Ali430,789,46.67,13.33,26.67,13.33,925.66376
Ali430,888,46.67,20.0,20.0,13.33,878.531
Ali430,917,46.67,13.33,26.67,13.33,925.66376
Ali430,853,46.15,23.08,30.77,0.0,878.29895
Ali430,892,45.83,16.67,29.17,8.33,938.2652
Ali430,985,45.45,22.73,9.09,22.73,891.16504
Ali430,895,45.45,9.09,45.45,0.0,850.26733
GelioChess,2711,96.15,3.85,0.0,0.0,2657.5713
GelioChess,2775,95.83,0.0,2.78,1.39,2663.6711
GelioChess,2725,95.35,1.16,3.49,0.0,2636.9233
GelioChess,2702,95.31,3.12,0.0,1.56,2645.228
GelioChess,2770,95.0,5.0,0.0,0.0,2643.7478
GelioChess,2765,94.25,3.45,2.3,0.0,2730.1455
GelioChess,2726,94.12,0.0,5.88,0.0,2568.1218
GelioChess,2761,94.12,0.0,1.96,3.92,2711.6184
GelioChess,2747,93.94,4.55,0.0,1.52,2683.2766
GelioChess,2745,93.94,6.06,0.0,0.0,2699.6255
GelioChess,2754,93.9,6.1,0.0,0.0,2699.6255
GelioChess,2742,93.88,6.12,0.0,0.0,2699.6255
GelioChess,2733,93.75,6.25,0.0,0.0,2677.691
GelioChess,2740,93.48,2.17,4.35,0.0,2687.7952
GelioChess,2757,93.18,4.55,2.27,0.0,2710.422
GelioChess,2716,92.86,3.57,3.57,0.0,2692.525
GelioChess,2752,92.86,3.57,0.0,3.57,2693.1814
GelioChess,2767,92.68,4.88,0.0,2.44,2676.728
GelioChess,2770,92.68,4.88,2.44,0.0,2717.9573
GelioChess,2770,92.59,7.41,0.0,0.0,2657.275
GelioChess,2727,92.59,3.7,3.7,0.0,2695.3303
GelioChess,2742,92.42,6.06,0.0,1.52,2720.3435
GelioChess,2749,92.41,1.27,3.8,2.53,2680.6592
GelioChess,2735,92.31,5.13,2.56,0.0,2668.9255
GelioChess,2709,92.31,0.0,3.85,3.85,2680.6592
GelioChess,2748,92.31,7.69,0.0,0.0,2657.275
GelioChess,2746,92.19,4.69,3.12,0.0,2676.0715
GelioChess,2721,92.11,5.26,0.0,2.63,2676.728
GelioChess,2733,92.11,2.63,5.26,0.0,2608.0647
GelioChess,2750,92.0,4.0,2.67,1.33,2712.645
GelioChess,2769,92.0,4.0,4.0,0.0,2685.4326
GelioChess,2705,91.78,2.74,5.48,0.0,2534.1787
GelioChess,2715,91.67,4.17,4.17,0.0,2495.1829
GelioChess,2738,91.46,3.66,4.88,0.0,2621.4443
GelioChess,2731,91.43,2.86,5.71,0.0,2527.797
GelioChess,2722,91.3,4.35,0.0,4.35,2588.5957
GelioChess,2774,91.18,2.94,2.94,2.94,2674.052
GelioChess,2745,91.07,7.14,0.0,1.79,2612.0183
GelioChess,2717,90.91,0.0,0.0,9.09,2433.335
GelioChess,2772,90.91,4.55,4.55,0.0,2563.6055
GelioChess,2732,90.91,0.0,9.09,0.0,2466.829
GelioChess,2743,90.74,7.41,1.85,0.0,2666.953
GelioChess,2722,90.48,4.76,4.76,0.0,2563.6055
GelioChess,2719,90.16,6.56,3.28,0.0,2599.3362
GelioChess,2744,90.0,2.5,7.5,0.0,2687.2842
GelioChess,2762,89.66,5.17,0.0,5.17,2535.731
GelioChess,2752,89.55,7.46,2.99,0.0,2582.787
GelioChess,2767,89.47,2.63,2.63,5.26,2615.466
GelioChess,2750,89.39,6.06,4.55,0.0,2598.8716
GelioChess,2742,89.36,6.38,4.26,0.0,2598.8716
GelioChess,2748,89.29,7.14,0.0,3.57,2597.9346
GelioChess,2710,89.09,1.82,9.09,0.0,2546.5815
GelioChess,2710,89.09,7.27,3.64,0.0,2582.787
GelioChess,2724,88.89,5.56,5.56,0.0,2225.4
GelioChess,2722,88.68,7.55,0.0,3.77,2601.9153
GelioChess,2782,88.64,2.27,9.09,0.0,2635.3057
GelioChess,2730,88.46,7.69,0.0,3.85,2601.9153
GelioChess,2706,88.33,8.33,3.33,0.0,2605.0886
GelioChess,2723,88.24,2.35,2.35,7.06,2647.7676
GelioChess,2713,88.24,11.76,0.0,0.0,2333.0344
GelioChess,2728,88.24,3.92,7.84,0.0,2626.9387
GelioChess,2708,88.06,8.96,2.99,0.0,2586.764
GelioChess,2753,88.0,12.0,0.0,0.0,2333.0344
GelioChess,2736,87.88,0.0,12.12,0.0,2323.4194
GelioChess,2716,87.76,8.16,4.08,0.0,2604.624
GelioChess,2776,87.76,8.16,4.08,0.0,2604.624
GelioChess,2756,87.69,7.69,4.62,0.0,2598.4036
GelioChess,2749,87.67,4.11,8.22,0.0,2597.328
GelioChess,2775,87.5,8.33,0.0,4.17,2286.4714
GelioChess,2755,87.5,0.0,4.17,8.33,2171.3406
GelioChess,2746,87.5,12.5,0.0,0.0,2234.2803
GelioChess,2731,87.5,4.17,8.33,0.0,2394.6619
GelioChess,2709,87.18,2.56,7.69,2.56,2521.8562
GelioChess,2728,86.96,4.35,4.35,4.35,2419.4326
GelioChess,2752,86.76,4.41,5.88,2.94,2332.167
GelioChess,2695,86.67,10.0,0.0,3.33,2254.3613
GelioChess,2751,86.6,7.22,0.0,6.19,2368.4224
GelioChess,2713,86.49,5.41,2.7,5.41,2420.7368
GelioChess,2717,86.49,10.81,2.7,0.0,2506.9326
GelioChess,2728,86.49,5.41,2.7,5.41,2420.7368
GelioChess,2745,86.49,10.81,2.7,0.0,2506.9326
GelioChess,2757,86.44,3.39,5.08,5.08,2498.658
GelioChess,2763,86.36,9.09,0.0,4.55,2203.2886
GelioChess,2736,86.21,6.9,0.0,6.9,2368.4224
GelioChess,2720,85.71,7.79,6.49,0.0,2506.6997
GelioChess,2717,85.71,0.0,7.14,7.14,2208.349
GelioChess,2721,85.71,9.52,4.76,0.0,2391.7334
GelioChess,2730,85.71,5.71,0.0,8.57,2490.8335
GelioChess,2704,85.37,12.2,2.44,0.0,2538.6428
GelioChess,2747,85.33,8.0,2.67,4.0,2462.827
GelioChess,2719,85.29,11.76,2.94,0.0,2477.8481
GelioChess,2748,85.19,3.7,3.7,7.41,2385.5198
GelioChess,2749,85.19,3.7,11.11,0.0,2467.2107
GelioChess,2740,85.0,5.0,10.0,0.0,2429.8179
GelioChess,2739,84.85,6.06,3.03,6.06,2389.327
GelioChess,2756,84.81,6.33,8.86,0.0,2430.9807
GelioChess,2714,84.78,10.87,4.35,0.0,2393.314
GelioChess,2771,84.62,9.62,0.0,5.77,2194.246
GelioChess,2779,84.29,5.71,5.71,4.29,2459.1868
GelioChess,2778,84.21,14.04,1.75,0.0,2413.8088
GelioChess,2721,84.09,11.36,4.55,0.0,2388.3533
GelioChess,2777,84.0,12.0,0.0,4.0,2156.8555
GelioChess,2757,84.0,4.0,0.0,12.0,1894.178
GelioChess,2780,83.87,6.45,6.45,3.23,2458.727
GelioChess,2722,83.33,8.33,8.33,0.0,2376.5984
GelioChess,2711,83.33,10.0,6.67,0.0,2485.087
GelioChess,2783,83.33,8.33,8.33,0.0,2376.5984
GelioChess,2744,83.13,9.64,6.02,1.2,2332.8855
GelioChess,2722,83.1,8.45,7.04,1.41,2549.2756
GelioChess,2726,83.05,13.56,3.39,0.0,2486.915
GelioChess,2730,83.02,9.43,7.55,0.0,2501.3958
GelioChess,2713,82.98,6.38,10.64,0.0,2455.292
GelioChess,2725,82.76,6.9,6.9,3.45,2498.3308
GelioChess,2721,82.61,8.7,6.52,2.17,2500.4949
GelioChess,2748,82.54,6.35,11.11,0.0,2407.6414
GelioChess,2735,82.5,12.5,5.0,0.0,2442.619
GelioChess,2753,82.35,5.88,11.76,0.0,2373.6292
GelioChess,2754,82.35,8.24,8.24,1.18,2421.329
GelioChess,2734,82.22,6.67,11.11,0.0,2359.0962
GelioChess,2738,82.22,6.67,6.67,4.44,2414.0642
GelioChess,2710,82.14,14.29,3.57,0.0,2433.4336
GelioChess,2728,81.82,9.09,4.55,4.55,2226.0374
GelioChess,2705,81.48,14.81,0.0,3.7,2191.0715
GelioChess,2743,81.4,9.3,6.98,2.33,2440.1733
GelioChess,2749,81.4,11.63,6.98,0.0,2446.005
GelioChess,2702,81.13,3.77,15.09,0.0,1888.7649
GelioChess,2715,81.08,13.51,5.41,0.0,2442.6777
GelioChess,2774,81.08,2.7,16.22,0.0,2230.454
GelioChess,2782,81.03,5.17,12.07,1.72,2485.2983
GelioChess,2719,80.95,7.14,11.9,0.0,2155.7847
GelioChess,2758,80.65,9.68,9.68,0.0,2280.7175
GelioChess,2703,80.43,10.87,8.7,0.0,2243.836
GelioChess,2696,80.0,13.33,6.67,0.0,2427.347
GelioChess,2708,80.0,14.29,2.86,2.86,2447.004
GelioChess,2775,80.0,5.71,11.43,2.86,2371.1174
GelioChess,2742,80.0,14.29,2.86,2.86,2447.004
GelioChess,2779,79.59,14.29,2.04,4.08,2551.956
GelioChess,2714,79.37,7.94,9.52,3.17,2311.8936
GelioChess,2726,78.79,12.12,6.06,3.03,2195.9219
GelioChess,2730,78.69,6.56,14.75,0.0,1921.5168
GelioChess,2722,78.57,14.29,7.14,0.0,2393.9395
GelioChess,2770,78.57,10.71,10.71,0.0,2259.1545
GelioChess,2721,78.46,13.85,7.69,0.0,2079.2402
GelioChess,2738,78.26,17.39,2.17,2.17,2601.945
GelioChess,2701,78.12,15.62,3.12,3.12,2344.7214
GelioChess,2698,78.05,9.76,7.32,4.88,2351.4685
GelioChess,2755,77.97,3.39,13.56,5.08,1758.8511
GelioChess,2712,77.78,16.67,2.78,2.78,2496.993
GelioChess,2767,77.78,11.11,5.56,5.56,2146.973
GelioChess,2740,77.78,6.17,7.41,8.64,2253.1873
GelioChess,2726,77.42,9.68,12.9,0.0,1832.7369
GelioChess,2721,77.33,17.33,4.0,1.33,2408.2422
GelioChess,2776,76.92,19.23,3.85,0.0,2189.6633
GelioChess,2763,76.74,4.65,11.63,6.98,1965.1768
GelioChess,2718,76.67,10.0,6.67,6.67,2451.5154
GelioChess,2755,76.67,13.33,10.0,0.0,2374.1262
GelioChess,2761,76.67,11.67,6.67,5.0,2463.583
GelioChess,2717,76.6,12.77,10.64,0.0,2439.8503
GelioChess,2718,76.47,23.53,0.0,0.0,1923.5875
GelioChess,2713,76.19,14.29,9.52,0.0,2136.188
GelioChess,2719,76.06,11.27,9.86,2.82,2223.1335
GelioChess,2706,75.86,13.79,10.34,0.0,2022.0021
GelioChess,2728,75.86,17.24,3.45,3.45,2374.0037
GelioChess,2723,75.64,11.54,6.41,6.41,2298.7039
GelioChess,2772,75.56,17.78,4.44,2.22,2373.2861
GelioChess,2721,75.47,13.21,7.55,3.77,2362.6133
GelioChess,2751,75.28,5.62,17.98,1.12,1926.9117
GelioChess,2752,75.0,10.0,10.0,5.0,1948.129
GelioChess,2761,74.36,15.38,10.26,0.0,2056.9722
GelioChess,2779,74.29,20.0,4.29,1.43,2056.3877
GelioChess,2751,73.91,13.04,8.7,4.35,2072.2446
GelioChess,2750,73.68,15.79,7.89,2.63,2084.58
GelioChess,2775,73.24,18.31,2.82,5.63,2353.0989
GelioChess,2725,73.17,14.63,12.2,0.0,1943.5713
GelioChess,2772,73.08,11.54,15.38,0.0,1873.4467
GelioChess,2766,72.73,18.18,3.03,6.06,2272.3794
GelioChess,2747,72.73,13.64,6.82,6.82,2184.2236
GelioChess,2758,72.41,17.24,10.34,0.0,2088.3684
GelioChess,2775,71.88,18.75,9.38,0.0,2101.6604
GelioChess,2707,71.43,19.05,9.52,0.0,2124.0547
GelioChess,2718,71.43,11.43,17.14,0.0,1792.5431
GelioChess,2734,71.43,7.14,17.86,3.57,1529.5873
GelioChess,2724,70.97,8.06,17.74,3.23,1613.0117
GelioChess,2720,70.97,12.9,11.29,4.84,1788.0549
GelioChess,2727,70.83,12.5,16.67,0.0,1769.0865
GelioChess,2700,70.0,20.0,10.0,0.0,1920.5973
GelioChess,2743,69.44,13.89,5.56,11.11,1775.7208
GelioChess,2724,69.39,22.45,8.16,0.0,1485.2582
GelioChess,2717,69.05,16.67,7.14,7.14,1892.2107
GelioChess,2727,69.05,9.52,7.14,14.29,1440.165
faceofmarlboro,1766,79.49,10.26,5.13,5.13,2144.718
faceofmarlboro,1792,91.67,4.17,4.17,0.0,2495.1829
faceofmarlboro,1782,91.53,0.0,0.0,8.47,2402.7295
faceofmarlboro,1769,90.91,0.0,9.09,0.0,2466.829
faceofmarlboro,1792,89.58,4.17,4.17,2.08,2495.8743
faceofmarlboro,1762,89.29,7.14,3.57,0.0,2582.787
faceofmarlboro,1744,88.89,11.11,0.0,0.0,2310.825
faceofmarlboro,1814,88.89,5.56,5.56,0.0,2225.4
faceofmarlboro,1798,88.64,4.55,2.27,4.55,2602.6257
faceofmarlboro,1804,88.0,12.0,0.0,0.0,2333.0344
faceofmarlboro,1741,87.5,9.38,0.0,3.12,2255.559
faceofmarlboro,1653,87.5,4.17,4.17,4.17,2385.9453
faceofmarlboro,1750,87.1,3.23,6.45,3.23,2518.442
faceofmarlboro,1768,86.84,7.89,2.63,2.63,2498.0398
faceofmarlboro,1766,86.84,10.53,0.0,2.63,2254.3613
faceofmarlboro,1750,86.79,0.0,11.32,1.89,2073.9312
faceofmarlboro,1747,86.67,11.11,0.0,2.22,2254.3613
faceofmarlboro,1756,86.36,9.09,4.55,0.0,2426.9463
faceofmarlboro,1756,86.21,6.9,3.45,3.45,2438.6143
faceofmarlboro,1771,86.11,5.56,2.78,5.56,2134.584
faceofmarlboro,1760,86.0,8.0,4.0,2.0,2369.5938
faceofmarlboro,1737,86.0,8.0,6.0,0.0,2316.572
faceofmarlboro,1756,85.96,1.75,3.51,8.77,2136.5923
faceofmarlboro,1747,85.71,7.14,7.14,0.0,2476.059
faceofmarlboro,1750,85.71,7.14,7.14,0.0,2476.059
faceofmarlboro,1731,85.42,10.42,2.08,2.08,2498.2705
faceofmarlboro,1757,85.37,4.88,4.88,4.88,2331.9492
faceofmarlboro,1739,85.0,5.0,0.0,10.0,1815.7687
faceofmarlboro,1743,84.62,7.69,0.0,7.69,2361.1719
faceofmarlboro,1745,84.62,3.85,3.85,7.69,2346.6665
faceofmarlboro,1793,84.38,12.5,0.0,3.12,2129.745
faceofmarlboro,1756,83.78,2.7,8.11,5.41,2226.7468
faceofmarlboro,1733,83.33,8.33,0.0,8.33,2032.0315
faceofmarlboro,1745,83.33,8.33,8.33,0.0,2376.5984
faceofmarlboro,1752,83.33,7.14,0.0,9.52,2027.8827
faceofmarlboro,1787,83.33,11.11,5.56,0.0,2294.9592
faceofmarlboro,1810,83.33,2.78,0.0,13.89,1852.8899
faceofmarlboro,1747,82.98,17.02,0.0,0.0,2216.2458
faceofmarlboro,1741,82.86,14.29,0.0,2.86,2115.4792
faceofmarlboro,1756,82.76,15.52,0.0,1.72,1896.6848
faceofmarlboro,1748,82.46,12.28,5.26,0.0,2289.0884
faceofmarlboro,1787,82.26,9.68,4.84,3.23,2364.439
faceofmarlboro,1738,82.14,12.5,5.36,0.0,2241.9788
faceofmarlboro,1754,82.14,3.57,7.14,7.14,2390.214
faceofmarlboro,1739,81.82,18.18,0.0,0.0,2186.1611
faceofmarlboro,1756,81.82,9.09,9.09,0.0,2212.5403
faceofmarlboro,1738,81.63,14.29,2.04,2.04,2571.6494
faceofmarlboro,1739,81.25,9.38,9.38,0.0,1998.5175
faceofmarlboro,1762,81.16,7.25,1.45,10.14,2008.121
faceofmarlboro,1759,81.13,9.43,9.43,0.0,1998.5175
faceofmarlboro,1744,81.13,3.77,3.77,11.32,1825.7295
faceofmarlboro,1759,80.95,6.35,4.76,7.94,2239.9478
faceofmarlboro,1726,80.56,11.11,5.56,2.78,2211.3564
faceofmarlboro,1765,80.0,10.0,10.0,0.0,2280.7175
faceofmarlboro,1744,80.0,6.67,13.33,0.0,1920.7448
faceofmarlboro,1752,80.0,6.67,6.67,6.67,2336.587
faceofmarlboro,1804,80.0,5.0,15.0,0.0,1624.856
faceofmarlboro,1816,80.0,0.0,20.0,0.0,1311.7664
faceofmarlboro,1751,79.41,0.0,5.88,14.71,1386.7192
faceofmarlboro,1761,79.41,2.94,17.65,0.0,1612.6599
faceofmarlboro,1781,79.07,13.95,0.0,6.98,1905.5254
faceofmarlboro,1737,78.85,9.62,7.69,3.85,2232.104
faceofmarlboro,1733,78.79,12.12,0.0,9.09,1892.3423
faceofmarlboro,1810,78.79,7.58,9.09,4.55,2050.9866
faceofmarlboro,1765,78.57,14.29,0.0,7.14,1905.5254
faceofmarlboro,1766,78.38,13.51,2.7,5.41,2379.0088
faceofmarlboro,1756,78.26,13.04,4.35,4.35,2367.745
faceofmarlboro,1761,78.26,11.59,10.14,0.0,2239.3896
faceofmarlboro,1803,78.12,12.5,9.38,0.0,2175.3977
faceofmarlboro,1808,78.08,9.59,8.22,4.11,2116.4102
faceofmarlboro,1754,77.78,2.78,8.33,11.11,1644.751
faceofmarlboro,1803,77.63,13.16,7.89,1.32,2303.5684
faceofmarlboro,1792,77.61,10.45,2.99,8.96,2275.5618
faceofmarlboro,1756,77.42,12.9,9.68,0.0,2327.601
faceofmarlboro,1754,77.27,13.64,4.55,4.55,1809.2155
faceofmarlboro,1756,77.19,10.53,8.77,3.51,1972.7
faceofmarlboro,1754,77.14,11.43,8.57,2.86,1978.8284
faceofmarlboro,1762,76.92,11.54,7.69,3.85,1989.9183
faceofmarlboro,1759,76.92,15.38,7.69,0.0,1958.3752
faceofmarlboro,1765,76.92,7.69,11.54,3.85,1857.7473
faceofmarlboro,1744,76.92,7.69,11.54,3.85,1857.7473
faceofmarlboro,1786,76.92,7.69,15.38,0.0,1471.0931
faceofmarlboro,1767,76.47,5.88,11.76,5.88,1811.5045
faceofmarlboro,1751,76.32,13.16,7.89,2.63,2216.1755
faceofmarlboro,1781,76.0,20.0,4.0,0.0,2150.7354
faceofmarlboro,1750,76.0,8.0,8.0,8.0,1972.9814
faceofmarlboro,1775,76.0,8.0,12.0,4.0,1886.857
faceofmarlboro,1799,76.0,16.0,6.0,2.0,2048.3792
faceofmarlboro,1773,75.68,8.11,10.81,5.41,1895.3901
faceofmarlboro,1762,75.61,14.63,7.32,2.44,2350.7688
faceofmarlboro,1760,75.0,13.89,8.33,2.78,2151.4167
faceofmarlboro,1741,75.0,6.25,18.75,0.0,1683.5963
faceofmarlboro,1781,75.0,16.67,5.56,2.78,2081.4026
faceofmarlboro,1762,75.0,9.38,6.25,9.38,1802.4894
faceofmarlboro,1750,75.0,0.0,25.0,0.0,1427.031
faceofmarlboro,1755,75.0,6.25,0.0,18.75,1292.3185
faceofmarlboro,1755,75.0,8.33,4.17,12.5,1625.5039
faceofmarlboro,1768,75.0,0.0,25.0,0.0,1427.031
faceofmarlboro,1786,75.0,9.09,4.55,11.36,1662.5244
faceofmarlboro,1776,74.65,14.08,9.86,1.41,2128.1091
faceofmarlboro,1770,74.29,14.29,2.86,8.57,2218.013
faceofmarlboro,1747,74.07,9.26,16.67,0.0,1688.1558
faceofmarlboro,1805,74.0,12.0,2.0,12.0,1915.0374
faceofmarlboro,1765,73.91,0.0,17.39,8.7,1413.3628
faceofmarlboro,1810,73.91,13.04,13.04,0.0,1796.0573
faceofmarlboro,1750,73.58,11.32,9.43,5.66,1856.9191
faceofmarlboro,1753,73.53,8.82,5.88,11.76,1575.2592
faceofmarlboro,1753,73.53,11.76,11.76,2.94,1939.3398
faceofmarlboro,1758,73.33,6.67,20.0,0.0,1687.9845
faceofmarlboro,1760,73.33,13.33,3.33,10.0,1907.2344
faceofmarlboro,1786,73.33,20.0,6.67,0.0,2003.2786
faceofmarlboro,1767,73.08,15.38,3.85,7.69,2123.6072
faceofmarlboro,1761,72.73,13.64,9.09,4.55,1984.8607
faceofmarlboro,1803,72.73,11.36,9.09,6.82,1907.7831
faceofmarlboro,1804,72.37,15.79,3.95,7.89,1995.1779
faceofmarlboro,1787,72.22,0.0,27.78,0.0,1401.4312
faceofmarlboro,1771,72.0,16.0,0.0,12.0,1477.5803
faceofmarlboro,1734,72.0,16.0,8.0,4.0,1855.0864
faceofmarlboro,1759,71.93,8.77,3.51,15.79,1626.3328
faceofmarlboro,1761,71.93,12.28,8.77,7.02,1749.3323
faceofmarlboro,1752,71.88,9.38,15.62,3.12,1580.4001
faceofmarlboro,1747,71.88,15.62,9.38,3.12,1945.0605
faceofmarlboro,1750,71.79,15.38,5.13,7.69,1875.4824
faceofmarlboro,1803,71.74,10.87,15.22,2.17,1638.6094
faceofmarlboro,1748,71.43,4.76,7.14,16.67,1412.4049
faceofmarlboro,1754,71.43,14.29,14.29,0.0,1803.1859
faceofmarlboro,1781,71.43,14.29,2.86,11.43,1922.7087
faceofmarlboro,1759,71.43,14.29,14.29,0.0,1803.1859
faceofmarlboro,1787,71.05,13.16,5.26,10.53,1756.4904
faceofmarlboro,1747,70.91,16.36,10.91,1.82,1975.726
faceofmarlboro,1775,70.59,11.76,17.65,0.0,1792.5431
faceofmarlboro,1798,70.59,20.59,0.0,8.82,1323.0773
faceofmarlboro,1753,70.37,7.41,22.22,0.0,1585.7251
faceofmarlboro,1759,70.0,10.0,20.0,0.0,1607.1896
faceofmarlboro,1760,69.7,13.64,16.67,0.0,1629.9048
faceofmarlboro,1759,69.57,17.39,0.0,13.04,1370.3508
faceofmarlboro,1780,69.57,19.57,10.87,0.0,1436.315
faceofmarlboro,1738,69.23,6.15,4.62,20.0,1176.0481
faceofmarlboro,1798,69.23,11.54,19.23,0.0,1641.4708
faceofmarlboro,1744,68.75,18.75,12.5,0.0,1704.2573
faceofmarlboro,1798,68.75,15.62,3.12,12.5,1804.1144
faceofmarlboro,1759,68.57,12.86,11.43,7.14,1663.5122
faceofmarlboro,1782,68.42,15.79,10.53,5.26,1655.0723
faceofmarlboro,1763,68.42,15.79,15.79,0.0,1652.1136
faceofmarlboro,1772,68.18,4.55,27.27,0.0,1050.4147
faceofmarlboro,1752,68.18,13.64,18.18,0.0,1642.298
faceofmarlboro,1763,68.0,12.0,20.0,0.0,1641.4708
